a=90;
f=50;
T=1/f;
VT1=(a+30)/360*T
VT2=(a+30+60)/360*T
VT3=(a+30+120)/360*T
VT4=(a+30+180)/360*T
VT5=(a+30+240)/360*T
VT6=(a+30+300)/360*T